10000
7
21
101
109
37
91
57
31
2
3
1
8
123
8455
9134
3092
6177
6070
7015
9607
6971
7567
8087
903
8575
8917
33
7238
4084
228
7340
3486
6733
866
242
6544
7330
9204
5193
4813
6793
5681
4959
9262
4135
4092
2353
6663
6513
5719
6270
3483
9638
708
737
4564
9624
770
1801
59
7349
9141
9897
4081
6358
138
6976
3687
5693
2168
8500
2485
7848
9810
8098
8334
254
450
1349
6766
2520
3970
6601
2157
4677
7337
6721
652
8106
4873
711
5455
365
607
5887
6722
7096
2863
6761
2788
1382
1612
1624
9230
7773
9721
3915
8026
6522
5263
1144
9041
9232
7744
7550
260
5080
622
912
9538
1846
7974
1344
2211
4932
3582
5284
2027
6444
2044
1166
7826
7
2789
3407
7780
8861
7321
2157
5382
8936
3300
774
8167
7395
4675
4779
8827
1648
2042
8364
3494
15
6059
2056
1298
9640
7339
9676
2436
5735
841
6613
5741
9981
19
9872
5193
3691
2029
6926
2626
5328
7699
7145
2723
8726
1923
1549
373
3964
6264
218
330
8674
2273
1627
4665
9612
7654
7100
1698
8494
3712
7438
4826
82
7310
18
3773
5690
3295
6398
1017
993
9894
91
6070
1816
7991
6443
2131
606
6660
8812
9279
5285
438
3944
4896
8091
7395
2945
2936
1107
382
4113
7540
4043
482
1312
6084
3776
4062
7101
1121
3955
3543
7190
2123
1534
9984
605
8491
2996
9417
7770
8280
6206
8065
9527
649
5459
2471
3584
2917
9204
4049
457
9599
882
1768
5682
4658
2181
9134
5778
2488
2677
9319
4610
562
9303
1566
9052
2298
982
3173
577
7188
1237
6455
7836
6696
8925
7771
9612
8128
8171
6420
4078
9053
8188
9760
62
6720
8893
5839
9207
1569
1509
168
8482
811
1734
3886
9460
9067
7058
36
2606
8295
2842
6793
1342
1766
916
7305
6246
9086
3725
323
4490
8264
82
4551
4983
5327
6741
542
3247
8250
7061
1729
9060
5146
5614
8520
4213
9023
4907
6818
3669
7749
3611
5010
5866
878
8667
2111
9963
8743
8786
805
7006
5219
5355
8340
545
2096
5233
144
345
2294
1872
5756
7439
3837
4275
8003
2859
5534
4821
6528
3282
4783
7889
5499
2012
6555
3962
8326
5297
2747
9130
8654
4317
4485
3346
1214
2932
8578
1357
3276
7223
3228
9031
1014
3416
9658
9016
6274
5191
188
2801
4824
1322
7042
322
3333
3596
4283
1659
5245
3381
788
250
7698
1624
3595
8911
4555
8525
267
4182
2099
9846
9565
3112
9613
5574
2128
5886
764
2315
5039
1939
3637
2080
8612
3321
2027
9247
4979
7271
2627
2119
3873
6676
3742
7467
5586
8297
2343
2204
8830
4442
8401
8394
7553
4365
3967
6032
251
1082
8347
1641
9372
8335
3720
7984
1655
2098
7230
6634
5721
6208
8752
9593
2884
8845
7059
4821
3493
5754
3377
2323
195
1777
7068
4099
6142
1035
131
2744
8468
4829
736
7840
3163
807
2175
1169
2904
9404
7802
8624
1963
2905
8216
4846
8102
1627
9667
1594
7380
3043
3916
3926
1171
984
4376
3664
8370
4506
2759
3189
5686
3494
7380
8848
4300
9554
17
7204
5309
4170
5827
7272
3427
395
2117
1528
2021
8135
9473
5752
1177
3389
6029
8700
724
404
2363
5445
1262
1474
8633
6947
4967
6013
2147
9267
1918
8515
2822
7227
9036
5000
850
8814
5394
2966
341
3766
7453
9814
9517
8629
9554
5545
3680
6629
2301
2395
2073
9914
3868
7057
6860
8834
9421
5358
4452
7691
3872
3625
4917
2908
8625
2118
1721
4018
1435
8414
4136
8887
4579
3652
3868
484
5549
7547
7112
4201
9941
5536
4114
160
8944
7325
8994
4717
2683
9797
2407
2906
3422
3675
2165
2046
5792
238
2415
7226
5003
6550
6113
9581
6554
6332
6416
8454
3878
9879
2654
171
1766
6767
330
709
443
5675
5425
9477
5472
4183
2383
5245
7857
4547
3642
3648
4784
6056
7226
9786
8958
9690
5718
1863
6021
2133
316
6250
8363
2969
6420
128
6087
6750
837
2881
8776
2613
2358
4247
6796
4740
5843
1004
5638
9484
1004
422
1892
8229
6559
7201
4270
8629
9063
290
7113
9378
6539
5476
8698
2959
5603
1136
6060
6439
4016
4835
5404
6373
5434
2199
1112
1276
3202
6750
7112
4205
3523
5355
8785
6433
2555
3054
5061
1617
3343
2174
7346
6234
4001
6043
5544
9603
3530
1603
2394
7545
2789
7797
3918
4574
6347
1381
2202
5900
8130
9313
6457
8004
4667
5241
789
3573
4647
5849
1541
7989
4374
8886
574
8374
1280
6117
4329
4809
4071
6722
2353
3212
4518
2622
7785
7216
4003
9986
3115
8484
5650
9571
2840
6668
4812
3628
240
9458
5828
1780
3798
202
7017
724
4927
4648
3192
9255
9456
7263
5976
8161
6826
6845
7134
4610
4060
1136
948
7175
5972
6597
6745
8811
9617
7908
8790
9856
3717
4617
7988
3867
4818
1356
4590
6097
6004
7781
5351
1811
1395
7679
6323
4572
875
3457
9182
4935
944
6481
8461
3267
9429
1557
2077
9045
5817
866
5253
9533
1835
3240
9751
3004
947
4340
9100
6950
8473
803
8761
6219
4833
1435
791
5707
4891
6324
6993
2187
2804
5453
5453
8584
3362
3882
7629
9178
1099
9233
5062
2933
8824
4813
5937
9770
5504
1388
6720
328
2190
1832
2899
3374
9618
3689
9081
861
12
6073
3047
9167
7878
4851
4102
1239
8732
8082
6768
6183
7314
1829
5467
6137
2993
1403
5907
4849
9143
8978
5176
7684
809
8074
1058
426
8114
138
1286
4477
2562
684
3643
6791
5535
4097
4381
618
2178
1148
3152
9492
9329
8619
5628
2321
6373
7886
7169
5515
6863
8697
3199
4023
3122
4256
801
1236
745
8438
5712
3306
9122
5707
6449
1008
9803
829
7977
1980
8329
1129
7823
7657
9747
3451
6329
6119
7688
9850
1634
4551
8546
1184
4925
1667
5439
5725
9254
6183
4163
4966
5840
9636
672
2288
6995
6826
9469
4971
8805
7797
6099
6628
5453
2197
6430
1781
